content/training/pyaerocom/EBAS_FILES/NO0042G.20050101000000.20120101000000.aws.wind_speed.met.1y.1h.NO01L_NO42_aws_10m.NO01L_cup_anemometer..nas
52 1001
Aas, Wenche
NO01L, Norwegian Institute for Air Research, NILU, Atmosphere and Climate Department, Instituttveien 18, , 2007, Kjeller, Norway
Hjellbrekke, Anne
EMEP NILU
1 1
2005 01 01 2012 01 01
0.041667
days from file reference point
3
1 1 1
999.999999 999.9 9.999
end_time of measurement, days from the file reference point
wind_speed, m/s
numflag wind_speed, no unit
0
35
Data definition:              EBAS_1.1
Set type code:                TU
Timezone:                     UTC
File name:                    NO0042G.20050101000000.20120101000000.aws.wind_speed.met.1y.1h.NO01L_NO42_aws_10m.NO01L_cup_anemometer..nas
File creation:                20191018095601
Startdate:                    20050101000000
Revision date:                20120101000000
Statistics:                   arithmetic mean
Data level:                   
Period code:                  1y
Resolution code:              1h
Station code:                 NO0042G
Platform code:                NO0042S
Station name:                 Zeppelin mountain (Ny-Ålesund)
Station WDCA-ID:              GAWANO__ZEP
Station GAW-ID:               ZEP
Station GAW-Name:             Zeppelin Mountain (Ny Ålesund)
Station land use:             Gravel and stone
Station setting:              Polar
Station GAW type:             G
Station WMO region:           6
Station latitude:             78.90715
Station longitude:            11.88668
Station altitude:             474.0m
Regime:                       IMG
Component:                    wind_speed
Unit:                         m/s
Matrix:                       met
Instrument type:              aws
Laboratory code:              NO01L
Instrument name:              NO42_aws_10m
Method ref:                   NO01L_cup_anemometer
Originator:                   Aas, Wenche, waa@nilu.no, Norwegian Institute for Air Research, NILU, Atmosphere and Climate Department, Instituttveien 18, , 2007, Kjeller, Norway
Submitter:                    Hjellbrekke, Anne, agh@nilu.no, Norwegian Institute for Air Research, NILU, Atmosphere and Climate Department, Instituttveien 18, , 2007, Kjeller, Norway
starttime endtime wind_s flag_wind_s
  0.000000   0.041667   0.9 0.000
  0.041667   0.083333   0.7 0.000
  0.083333   0.125000   1.2 0.000
  0.125000   0.166667   2.4 0.000
  0.166667   0.208333   3.9 0.000
  0.208333   0.250000   4.0 0.000
  0.250000   0.291667   2.7 0.000
  0.291667   0.333333   1.8 0.000
  0.333333   0.375000   2.3 0.000
  0.375000   0.416667   3.2 0.000
  0.416667   0.458333   4.1 0.000
  0.458333   0.500000   2.1 0.000
  0.500000   0.541667   2.1 0.000
  0.541667   0.583333   4.0 0.000
  0.583333   0.625000   4.7 0.000
  0.625000   0.666667   4.8 0.000
  0.666667   0.708333   4.6 0.000
  0.708333   0.750000   4.0 0.000
  0.750000   0.791667   5.3 0.000
  0.791667   0.833333   6.2 0.000
  0.833333   0.875000   5.9 0.000
  0.875000   0.916667   7.2 0.000
  0.916667   0.958333   6.3 0.000
  0.958333   1.000000   5.7 0.000
  1.000000   1.041667   5.2 0.000
  1.041667   1.083333   5.6 0.000
  1.083333   1.125000   4.8 0.000
  1.125000   1.166667   4.5 0.000
  1.166667   1.208333   4.8 0.000
  1.208333   1.250000   5.7 0.000
  1.250000   1.291667   5.9 0.000
  1.291667   1.333333   6.8 0.000
  1.333333   1.375000   7.3 0.000
  1.375000   1.416667   4.7 0.000
  1.416667   1.458333   5.7 0.000
  1.458333   1.500000   5.0 0.000
  1.500000   1.541667   6.5 0.000
  1.541667   1.583333   6.9 0.000
  1.583333   1.625000   7.5 0.000
  1.625000   1.666667   7.0 0.000
  1.666667   1.708333   8.0 0.000
  1.708333   1.750000   6.2 0.000
  1.750000   1.791667   6.6 0.000
  1.791667   1.833333   7.8 0.000
  1.833333   1.875000   7.6 0.000
  1.875000   1.916667   7.1 0.000
  1.916667   1.958333   8.0 0.000
  1.958333   2.000000   8.8 0.000
  2.000000   2.041667   8.0 0.000
  2.041667   2.083333   7.8 0.000
  2.083333   2.125000   8.4 0.000
  2.125000   2.166667   8.4 0.000
  2.166667   2.208333   7.6 0.000
  2.208333   2.250000   7.1 0.000
  2.250000   2.291667   6.9 0.000
  2.291667   2.333333   7.3 0.000
  2.333333   2.375000   7.7 0.000
  2.375000   2.416667   7.7 0.000
  2.416667   2.458333   7.2 0.000
  2.458333   2.500000   6.5 0.000
  2.500000   2.541667   6.8 0.000
  2.541667   2.583333   7.2 0.000
  2.583333   2.625000   7.4 0.000
  2.625000   2.666667   7.5 0.000
  2.666667   2.708333   7.5 0.000
  2.708333   2.750000   8.2 0.000
  2.750000   2.791667   7.2 0.000
  2.791667   2.833333   6.5 0.000
  2.833333   2.875000   6.3 0.000
  2.875000   2.916667   6.5 0.000
  2.916667   2.958333   5.2 0.000
  2.958333   3.000000   3.6 0.000
  3.000000   3.041667   4.4 0.000
  3.041667   3.083333   4.4 0.000
  3.083333   3.125000   4.0 0.000
  3.125000   3.166667   3.6 0.000
  3.166667   3.208333   3.8 0.000
  3.208333   3.250000   2.8 0.000
  3.250000   3.291667   3.2 0.000
  3.291667   3.333333   3.3 0.000
  3.333333   3.375000   2.6 0.000
  3.375000   3.416667   3.6 0.000
  3.416667   3.458333   2.9 0.000
  3.458333   3.500000   3.3 0.000
  3.500000   3.541667   1.5 0.000
  3.541667   3.583333   1.4 0.000
  3.583333   3.625000   2.3 0.000
  3.625000   3.666667   1.3 0.000
  3.666667   3.708333   1.4 0.000
  3.708333   3.750000   1.2 0.000
  3.750000   3.791667   1.0 0.000
  3.791667   3.833333   1.3 0.000
  3.833333   3.875000   1.6 0.000
  3.875000   3.916667   1.7 0.000
  3.916667   3.958333   1.0 0.000
  3.958333   4.000000   0.7 0.000
  4.000000   4.041667   0.8 0.000
  4.041667   4.083333   1.1 0.000
  4.083333   4.125000   1.0 0.000
  4.125000   4.166667   0.8 0.000
  4.166667   4.208333   1.3 0.000
  4.208333   4.250000   1.9 0.000
  4.250000   4.291667   2.1 0.000
  4.291667   4.333333   1.3 0.000
  4.333333   4.375000   1.6 0.000
  4.375000   4.416667   2.4 0.000
  4.416667   4.458333   3.6 0.000
  4.458333   4.500000   4.9 0.000
  4.500000   4.541667   4.7 0.000
  4.541667   4.583333   5.0 0.000
  4.583333   4.625000   3.9 0.000
  4.625000   4.666667   4.0 0.000
  4.666667   4.708333   4.0 0.000
  4.708333   4.750000   4.1 0.000
  4.750000   4.791667   5.0 0.000
  4.791667   4.833333   3.9 0.000
  4.833333   4.875000   4.5 0.000
  4.875000   4.916667   4.5 0.000
  4.916667   4.958333   5.0 0.000
  4.958333   5.000000   4.7 0.000
  5.000000   5.041667   5.6 0.000
  5.041667   5.083333   5.1 0.000
  5.083333   5.125000   3.1 0.000
  5.125000   5.166667   4.0 0.000
  5.166667   5.208333   3.1 0.000
  5.208333   5.250000   2.3 0.000
  5.250000   5.291667   0.9 0.000
  5.291667   5.333333   1.5 0.000
  5.333333   5.375000   3.4 0.000
  5.375000   5.416667   2.2 0.000
  5.416667   5.458333   1.3 0.000
  5.458333   5.500000   1.2 0.000
  5.500000   5.541667   1.2 0.000
  5.541667   5.583333   0.7 0.000
  5.583333   5.625000   0.8 0.000
  5.625000   5.666667   2.6 0.000
  5.666667   5.708333   1.9 0.000
  5.708333   5.750000   4.0 0.000
  5.750000   5.791667   3.4 0.000
  5.791667   5.833333   4.0 0.000
  5.833333   5.875000   4.2 0.000
  5.875000   5.916667   4.9 0.000
  5.916667   5.958333   4.0 0.000
  5.958333   6.000000   3.7 0.000
  6.000000   6.041667   2.3 0.000
  6.041667   6.083333   3.8 0.000
  6.083333   6.125000   2.4 0.000
  6.125000   6.166667   2.9 0.000
  6.166667   6.208333   2.8 0.000
  6.208333   6.250000   2.1 0.000
  6.250000   6.291667   2.6 0.000
  6.291667   6.333333   3.4 0.000
  6.333333   6.375000   3.3 0.000
  6.375000   6.416667   2.6 0.000
  6.416667   6.458333   2.8 0.000
  6.458333   6.500000   3.2 0.000
  6.500000   6.541667   3.3 0.000
  6.541667   6.583333   4.4 0.000
  6.583333   6.625000   5.0 0.000
  6.625000   6.666667   4.0 0.000
  6.666667   6.708333   4.8 0.000
  6.708333   6.750000   2.4 0.000
  6.750000   6.791667   4.0 0.000
  6.791667   6.833333   4.6 0.000
  6.833333   6.875000   4.8 0.000
  6.875000   6.916667   5.6 0.000
  6.916667   6.958333   4.7 0.000
  6.958333   7.000000   2.6 0.000
  7.000000   7.041667   3.2 0.000
  7.041667   7.083333   4.7 0.000
  7.083333   7.125000   4.4 0.000
  7.125000   7.166667   5.4 0.000
  7.166667   7.208333   5.3 0.000
  7.208333   7.250000   5.8 0.000
  7.250000   7.291667   7.2 0.000
  7.291667   7.333333   6.4 0.000
  7.333333   7.375000   5.0 0.000
  7.375000   7.416667   4.0 0.000
  7.416667   7.458333   3.3 0.000
  7.458333   7.500000   3.9 0.000
  7.500000   7.541667   4.9 0.000
  7.541667   7.583333   5.2 0.000
  7.583333   7.625000   5.9 0.000
  7.625000   7.666667   5.1 0.000
  7.666667   7.708333   5.0 0.000
  7.708333   7.750000   5.9 0.000
  7.750000   7.791667   5.8 0.000
  7.791667   7.833333   6.3 0.000
  7.833333   7.875000   6.1 0.000
  7.875000   7.916667   5.7 0.000
  7.916667   7.958333   5.3 0.000
  7.958333   8.000000   6.9 0.000
  8.000000   8.041667   7.8 0.000
  8.041667   8.083333   7.8 0.000
  8.083333   8.125000   9.0 0.000
  8.125000   8.166667   9.9 0.000
  8.166667   8.208333   9.8 0.000
  8.208333   8.250000   9.5 0.000
  8.250000   8.291667   9.7 0.000
  8.291667   8.333333   9.2 0.000
  8.333333   8.375000   9.5 0.000
  8.375000   8.416667   8.6 0.000
  8.416667   8.458333   7.3 0.000
  8.458333   8.500000   7.0 0.000
  8.500000   8.541667   7.9 0.000
  8.541667   8.583333   8.1 0.000
  8.583333   8.625000   7.9 0.000
  8.625000   8.666667   7.1 0.000
  8.666667   8.708333   5.4 0.000
  8.708333   8.750000   3.8 0.000
  8.750000   8.791667   4.0 0.000
  8.791667   8.833333   4.4 0.000
  8.833333   8.875000   6.4 0.000
  8.875000   8.916667   3.7 0.000
  8.916667   8.958333   4.4 0.000
  8.958333   9.000000   6.6 0.000
  9.000000   9.041667   6.4 0.000
  9.041667   9.083333   5.5 0.000
  9.083333   9.125000   4.2 0.000
  9.125000   9.166667   3.9 0.000
  9.166667   9.208333   4.5 0.000
  9.208333   9.250000   8.1 0.000
  9.250000   9.291667   6.6 0.000
  9.291667   9.333333   5.5 0.000
  9.333333   9.375000   4.1 0.000
  9.375000   9.416667   3.5 0.000
  9.416667   9.458333   7.0 0.000
  9.458333   9.500000   7.9 0.000
  9.500000   9.541667   7.9 0.000
  9.541667   9.583333   5.5 0.000
  9.583333   9.625000   6.0 0.000
  9.625000   9.666667   2.7 0.000
  9.666667   9.708333   4.0 0.000
  9.708333   9.750000   4.7 0.000
  9.750000   9.791667   4.4 0.000
  9.791667   9.833333   6.6 0.000
  9.833333   9.875000   6.5 0.000
  9.875000   9.916667   4.9 0.000
  9.916667   9.958333   3.7 0.000
  9.958333  10.000000   5.1 0.000
 10.000000  10.041667   5.8 0.000
 10.041667  10.083333   5.6 0.000
 10.083333  10.125000   6.6 0.000
 10.125000  10.166667   7.1 0.000
 10.166667  10.208333   5.9 0.000
 10.208333  10.250000   5.0 0.000
 10.250000  10.291667   4.3 0.000
 10.291667  10.333333   4.3 0.000
 10.333333  10.375000   4.7 0.000
 10.375000  10.416667   6.2 0.000
 10.416667  10.458333   6.0 0.000
 10.458333  10.500000   5.0 0.000
 10.500000  10.541667   2.7 0.000
 10.541667  10.583333   3.1 0.000
 10.583333  10.625000   2.5 0.000
 10.625000  10.666667   1.7 0.000
 10.666667  10.708333   2.7 0.000
 10.708333  10.750000   1.9 0.000
 10.750000  10.791667   3.9 0.000
 10.791667  10.833333   3.7 0.000
 10.833333  10.875000   3.2 0.000
 10.875000  10.916667   0.7 0.000
 10.916667  10.958333   0.9 0.000
 10.958333  11.000000   0.9 0.000
 11.000000  11.041667   2.7 0.000
 11.041667  11.083333   1.1 0.000
 11.083333  11.125000   1.9 0.000
 11.125000  11.166667   3.4 0.000
 11.166667  11.208333   3.8 0.000
 11.208333  11.250000   3.3 0.000
 11.250000  11.291667   3.2 0.000
 11.291667  11.333333   2.1 0.000
 11.333333  11.375000   1.4 0.000
 11.375000  11.416667   1.4 0.000
 11.416667  11.458333   1.2 0.000
 11.458333  11.500000   1.5 0.000
 11.500000  11.541667   0.7 0.000
 11.541667  11.583333   0.3 0.000
 11.583333  11.625000   0.8 0.000
 11.625000  11.666667   1.2 0.000
 11.666667  11.708333   1.1 0.000
 11.708333  11.750000   0.4 0.000
 11.750000  11.791667   0.7 0.000
 11.791667  11.833333   0.3 0.000
 11.833333  11.875000   0.6 0.000
 11.875000  11.916667   0.6 0.000
 11.916667  11.958333   0.2 0.000
 11.958333  12.000000   0.2 0.000
 12.000000  12.041667   0.3 0.000
 12.041667  12.083333   0.1 0.000
 12.083333  12.125000   0.1 0.000
 12.125000  12.166667   0.2 0.000
 12.166667  12.208333   0.4 0.000
 12.208333  12.250000   0.3 0.000
 12.250000  12.291667   0.7 0.000
 12.291667  12.333333   0.5 0.000
 12.333333  12.375000   0.7 0.000
 12.375000  12.416667   1.7 0.000
 12.416667  12.458333   1.9 0.000
 12.458333  12.500000   2.0 0.000
 12.500000  12.541667   3.0 0.000
 12.541667  12.583333   4.2 0.000
 12.583333  12.625000   3.3 0.000
 12.625000  12.666667   2.9 0.000
 12.666667  12.708333   2.8 0.000
 12.708333  12.750000   2.8 0.000
 12.750000  12.791667   2.3 0.000
 12.791667  12.833333   1.8 0.000
 12.833333  12.875000   1.4 0.000
 12.875000  12.916667   1.3 0.000
 12.916667  12.958333   1.4 0.000
 12.958333  13.000000   0.9 0.000
 13.000000  13.041667   1.8 0.000
 13.041667  13.083333   0.6 0.000
 13.083333  13.125000   0.4 0.000
 13.125000  13.166667   0.7 0.000
 13.166667  13.208333   1.1 0.000
 13.208333  13.250000   2.0 0.000
 13.250000  13.291667   2.2 0.000
 13.291667  13.333333   3.0 0.000
 13.333333  13.375000   1.3 0.000
 13.375000  13.416667   1.7 0.000
 13.416667  13.458333   1.2 0.000
 13.458333  13.500000   0.6 0.000
 13.500000  13.541667   1.1 0.000
 13.541667  13.583333   1.3 0.000
 13.583333  13.625000   3.0 0.000
 13.625000  13.666667   2.5 0.000
 13.666667  13.708333   2.5 0.000
 13.708333  13.750000   4.0 0.000
 13.750000  13.791667   4.6 0.000
 13.791667  13.833333   3.3 0.000
 13.833333  13.875000   4.3 0.000
 13.875000  13.916667   3.7 0.000
 13.916667  13.958333   4.5 0.000
 13.958333  14.000000   5.0 0.000
 14.000000  14.041667   4.9 0.000
 14.041667  14.083333   3.3 0.000
 14.083333  14.125000   3.3 0.000
 14.125000  14.166667   2.9 0.000
 14.166667  14.208333   3.9 0.000
 14.208333  14.250000   3.5 0.000
 14.250000  14.291667   1.7 0.000
 14.291667  14.333333   3.7 0.000
 14.333333  14.375000   2.3 0.000
 14.375000  14.416667   1.5 0.000
 14.416667  14.458333   1.7 0.000
 14.458333  14.500000   1.6 0.000
 14.500000  14.541667   2.6 0.000
 14.541667  14.583333   2.8 0.000
 14.583333  14.625000   3.0 0.000
 14.625000  14.666667   3.7 0.000
 14.666667  14.708333   4.2 0.000
 14.708333  14.750000   2.5 0.000
 14.750000  14.791667   1.8 0.000
 14.791667  14.833333   1.8 0.000
 14.833333  14.875000   1.7 0.000
 14.875000  14.916667   2.8 0.000
 14.916667  14.958333   3.4 0.000
 14.958333  15.000000   4.4 0.000
 15.000000  15.041667   5.1 0.000
 15.041667  15.083333   4.4 0.000
 15.083333  15.125000   4.3 0.000
 15.125000  15.166667   4.2 0.000
 15.166667  15.208333   5.0 0.000
 15.208333  15.250000   5.3 0.000
 15.250000  15.291667   6.6 0.000
 15.291667  15.333333   7.4 0.000
 15.333333  15.375000   3.7 0.000
 15.375000  15.416667   3.2 0.000
 15.416667  15.458333   2.7 0.000
 15.458333  15.500000   2.5 0.000
 15.500000  15.541667   3.0 0.000
 15.541667  15.583333   4.2 0.000
 15.583333  15.625000   4.7 0.000
 15.625000  15.666667   3.6 0.000
 15.666667  15.708333   3.3 0.000
 15.708333  15.750000   3.5 0.000
 15.750000  15.791667   3.7 0.000
 15.791667  15.833333   4.9 0.000
 15.833333  15.875000   5.1 0.000
 15.875000  15.916667   6.8 0.000
 15.916667  15.958333   9.0 0.000
 15.958333  16.000000   8.8 0.000
 16.000000  16.041667   7.5 0.000
 16.041667  16.083333   5.8 0.000
 16.083333  16.125000   5.4 0.000
 16.125000  16.166667   6.8 0.000
 16.166667  16.208333   9.4 0.000
 16.208333  16.250000   8.2 0.000
 16.250000  16.291667   7.8 0.000
 16.291667  16.333333   8.9 0.000
 16.333333  16.375000   9.9 0.000
 16.375000  16.416667   8.7 0.000
 16.416667  16.458333  10.1 0.000
 16.458333  16.500000  10.6 0.000
 16.500000  16.541667   9.8 0.000
 16.541667  16.583333  11.1 0.000
 16.583333  16.625000  10.5 0.000
 16.625000  16.666667  10.3 0.000
 16.666667  16.708333  10.5 0.000
 16.708333  16.750000  10.2 0.000
 16.750000  16.791667  10.1 0.000
 16.791667  16.833333  10.9 0.000
 16.833333  16.875000  10.5 0.000
 16.875000  16.916667   9.9 0.000
 16.916667  16.958333   9.1 0.000
 16.958333  17.000000  10.0 0.000
 17.000000  17.041667  10.4 0.000
 17.041667  17.083333  10.2 0.000
 17.083333  17.125000   8.3 0.000
 17.125000  17.166667   7.6 0.000
 17.166667  17.208333   8.2 0.000
 17.208333  17.250000   8.9 0.000
 17.250000  17.291667   9.2 0.000
 17.291667  17.333333  10.1 0.000
 17.333333  17.375000  10.1 0.000
 17.375000  17.416667  10.4 0.000
 17.416667  17.458333   9.8 0.000
 17.458333  17.500000   9.5 0.000
 17.500000  17.541667   8.7 0.000
 17.541667  17.583333   9.3 0.000
 17.583333  17.625000   9.8 0.000
 17.625000  17.666667  10.2 0.000
 17.666667  17.708333  10.5 0.000
 17.708333  17.750000  11.1 0.000
 17.750000  17.791667  11.3 0.000
 17.791667  17.833333  11.7 0.000
 17.833333  17.875000  11.5 0.000
 17.875000  17.916667  10.3 0.000
 17.916667  17.958333   9.9 0.000
 17.958333  18.000000  10.1 0.000
 18.000000  18.041667   9.6 0.000
 18.041667  18.083333   8.9 0.000
 18.083333  18.125000   8.9 0.000
 18.125000  18.166667   8.4 0.000
 18.166667  18.208333   5.7 0.000
 18.208333  18.250000   6.2 0.000
 18.250000  18.291667   4.8 0.000
 18.291667  18.333333   2.5 0.000
 18.333333  18.375000   2.7 0.000
 18.375000  18.416667   3.1 0.000
 18.416667  18.458333   3.2 0.000
 18.458333  18.500000   3.5 0.000
 18.500000  18.541667   4.1 0.000
 18.541667  18.583333   4.6 0.000
 18.583333  18.625000   5.8 0.000
 18.625000  18.666667   4.9 0.000
 18.666667  18.708333   4.7 0.000
 18.708333  18.750000   4.4 0.000
 18.750000  18.791667   3.4 0.000
 18.791667  18.833333   3.3 0.000
 18.833333  18.875000   2.9 0.000
 18.875000  18.916667   2.6 0.000
 18.916667  18.958333   2.4 0.000
 18.958333  19.000000   2.9 0.000
 19.000000  19.041667   3.5 0.000
 19.041667  19.083333   3.4 0.000
 19.083333  19.125000   2.0 0.000
 19.125000  19.166667   3.0 0.000
 19.166667  19.208333   2.3 0.000
 19.208333  19.250000   3.7 0.000
 19.250000  19.291667   4.2 0.000
 19.291667  19.333333   3.9 0.000
 19.333333  19.375000   2.7 0.000
 19.375000  19.416667   2.3 0.000
 19.416667  19.458333   2.3 0.000
 19.458333  19.500000   1.6 0.000
 19.500000  19.541667   1.9 0.000
 19.541667  19.583333   2.2 0.000
