content/training/pyaerocom/EBAS_FILES/NO0042G.20050101000000.20120101000000.aws.wind_speed.met.1y.1h.NO01L_NO42_aws_10m.NO01L_cup_anemometer..nas
52 1001
Aas, Wenche
NO01L, Norwegian Institute for Air Research, NILU, Atmosphere and Climate Department, Instituttveien 18, , 2007, Kjeller, Norway
Hjellbrekke, Anne
EMEP NILU
1 1
2005 01 01 2012 01 01
0.041667
days from file reference point
3
1 1 1
999.999999 999.9 9.999
end_time of measurement, days from the file reference point
wind_speed, m/s
numflag wind_speed, no unit
0
35
Data definition:              EBAS_1.1
Set type code:                TU
Timezone:                     UTC
File name:                    NO0042G.20050101000000.20120101000000.aws.wind_speed.met.1y.1h.NO01L_NO42_aws_10m.NO01L_cup_anemometer..nas
File creation:                20191018095601
Startdate:                    20050101000000
Revision date:                20120101000000
Statistics:                   arithmetic mean
Data level:                   
Period code:                  1y
Resolution code:              1h
Station code:                 NO0042G
Platform code:                NO0042S
Station name:                 Zeppelin mountain (Ny-Ålesund)
Station WDCA-ID:              GAWANO__ZEP
Station GAW-ID:               ZEP
Station GAW-Name:             Zeppelin Mountain (Ny Ålesund)
Station land use:             Gravel and stone
Station setting:              Polar
Station GAW type:             G
Station WMO region:           6
Station latitude:             78.90715
Station longitude:            11.88668
Station altitude:             474.0m
Regime:                       IMG
Component:                    wind_speed
Unit:                         m/s
Matrix:                       met
Instrument type:              aws
Laboratory code:              NO01L
Instrument name:              NO42_aws_10m
Method ref:                   NO01L_cup_anemometer
Originator:                   Aas, Wenche, waa@nilu.no, Norwegian Institute for Air Research, NILU, Atmosphere and Climate Department, Instituttveien 18, , 2007, Kjeller, Norway
Submitter:                    Hjellbrekke, Anne, agh@nilu.no, Norwegian Institute for Air Research, NILU, Atmosphere and Climate Department, Instituttveien 18, , 2007, Kjeller, Norway
starttime endtime wind_s flag_wind_s
[from data line 6589]
274.541667 274.583333   1.6 0.000
274.583333 274.625000   0.5 0.000
274.625000 274.666667   0.7 0.000
274.666667 274.708333   0.5 0.000
274.708333 274.750000   0.8 0.000
274.750000 274.791667   0.4 0.000
274.791667 274.833333   0.2 0.000
274.833333 274.875000   0.1 0.000
274.875000 274.916667   0.3 0.000
274.916667 274.958333   0.2 0.000
274.958333 275.000000   0.4 0.000
275.000000 275.041667   0.5 0.000
275.041667 275.083333   0.5 0.000
275.083333 275.125000   0.7 0.000
275.125000 275.166667   0.3 0.000
275.166667 275.208333   0.2 0.000
275.208333 275.250000   0.5 0.000
275.250000 275.291667   0.4 0.000
275.291667 275.333333   0.3 0.000
275.333333 275.375000   0.4 0.000
275.375000 275.416667   0.3 0.000
275.416667 275.458333   0.3 0.000
275.458333 275.500000   0.6 0.000
275.500000 275.541667   0.3 0.000
275.541667 275.583333   0.4 0.000
275.583333 275.625000   0.2 0.000
275.625000 275.666667   0.6 0.000
275.666667 275.708333   0.8 0.000
275.708333 275.750000   1.2 0.000
275.750000 275.791667   1.5 0.000
275.791667 275.833333   1.3 0.000
275.833333 275.875000   2.0 0.000
275.875000 275.916667   1.8 0.000
275.916667 275.958333   2.2 0.000
275.958333 276.000000   1.9 0.000
276.000000 276.041667   1.7 0.000
276.041667 276.083333   1.5 0.000
276.083333 276.125000   1.5 0.000
276.125000 276.166667   1.2 0.000
276.166667 276.208333   0.4 0.000
276.208333 276.250000   0.2 0.000
276.250000 276.291667 999.9 0.999
276.291667 276.333333 999.9 0.999
276.333333 276.375000 999.9 0.999
276.375000 276.416667   1.7 0.000
276.416667 276.458333   1.8 0.000
276.458333 276.500000   1.7 0.000
276.500000 276.541667   2.0 0.000
276.541667 276.583333   1.1 0.000
276.583333 276.625000   1.5 0.000
276.625000 276.666667   1.2 0.000
276.666667 276.708333   1.2 0.000
276.708333 276.750000   1.4 0.000
276.750000 276.791667   1.4 0.000
276.791667 276.833333   1.1 0.000
276.833333 276.875000   1.6 0.000
276.875000 276.916667   1.4 0.000
276.916667 276.958333   1.0 0.000
276.958333 277.000000   1.0 0.000
277.000000 277.041667   1.4 0.000
277.041667 277.083333   1.2 0.000
277.083333 277.125000   1.7 0.000
277.125000 277.166667   1.1 0.000
277.166667 277.208333   1.3 0.000
277.208333 277.250000   1.4 0.000
277.250000 277.291667   1.5 0.000
277.291667 277.333333   1.4 0.000
277.333333 277.375000   1.8 0.000
277.375000 277.416667   2.4 0.000
277.416667 277.458333   2.4 0.000
277.458333 277.500000   2.1 0.000
277.500000 277.541667   1.4 0.000
277.541667 277.583333   0.7 0.000
277.583333 277.625000   0.4 0.000
277.625000 277.666667   0.2 0.000
277.666667 277.708333   0.3 0.000
277.708333 277.750000   0.7 0.000
277.750000 277.791667   1.2 0.000
277.791667 277.833333   1.6 0.000
277.833333 277.875000   0.4 0.000
277.875000 277.916667   1.0 0.000
277.916667 277.958333   1.6 0.000
277.958333 278.000000   0.6 0.000
278.000000 278.041667   1.5 0.000
278.041667 278.083333   1.0 0.000
278.083333 278.125000   0.9 0.000
278.125000 278.166667   1.1 0.000
278.166667 278.208333   0.6 0.000
278.208333 278.250000   1.2 0.000
278.250000 278.291667   2.7 0.000
278.291667 278.333333   2.5 0.000
278.333333 278.375000   2.2 0.000
278.375000 278.416667   2.3 0.000
278.416667 278.458333   1.8 0.000
278.458333 278.500000   2.0 0.000
278.500000 278.541667   1.6 0.000
278.541667 278.583333   1.8 0.000
278.583333 278.625000   1.4 0.000
278.625000 278.666667   1.3 0.000
278.666667 278.708333   0.9 0.000
278.708333 278.750000   1.6 0.000
278.750000 278.791667   1.3 0.000
278.791667 278.833333   1.6 0.000
278.833333 278.875000   1.6 0.000
278.875000 278.916667   0.7 0.000
278.916667 278.958333   1.1 0.000
278.958333 279.000000   1.1 0.000
279.000000 279.041667   0.7 0.000
279.041667 279.083333 999.9 0.999
279.083333 279.125000   0.7 0.000
279.125000 279.166667   0.7 0.000
279.166667 279.208333   0.9 0.000
279.208333 279.250000   1.3 0.000
279.250000 279.291667   1.5 0.000
279.291667 279.333333   1.5 0.000
279.333333 279.375000   1.3 0.000
279.375000 279.416667   2.4 0.000
279.416667 279.458333 999.9 0.999
279.458333 279.500000   3.6 0.000
279.500000 279.541667   3.7 0.000
279.541667 279.583333   4.0 0.000
279.583333 279.625000   4.8 0.000
279.625000 279.666667   5.2 0.000
279.666667 279.708333   5.8 0.000
279.708333 279.750000   5.1 0.000
279.750000 279.791667   4.8 0.000
279.791667 279.833333   4.1 0.000
279.833333 279.875000   2.7 0.000
279.875000 279.916667   1.5 0.000
279.916667 279.958333   1.8 0.000
279.958333 280.000000   2.0 0.000
280.000000 280.041667   1.8 0.000
280.041667 280.083333   1.2 0.000
280.083333 280.125000   1.4 0.000
280.125000 280.166667   2.6 0.000
280.166667 280.208333   3.5 0.000
280.208333 280.250000   3.3 0.000
280.250000 280.291667   2.1 0.000
280.291667 280.333333   2.7 0.000
280.333333 280.375000   2.8 0.000
280.375000 280.416667   2.5 0.000
280.416667 280.458333   3.0 0.000
280.458333 280.500000   3.1 0.000
280.500000 280.541667   1.9 0.000
280.541667 280.583333   1.7 0.000
280.583333 280.625000   1.0 0.000
280.625000 280.666667   1.5 0.000
280.666667 280.708333   2.5 0.000
280.708333 280.750000   4.8 0.000
280.750000 280.791667   4.4 0.000
280.791667 280.833333   4.5 0.000
280.833333 280.875000   2.3 0.000
280.875000 280.916667   2.7 0.000
280.916667 280.958333   2.9 0.000
280.958333 281.000000   1.7 0.000
281.000000 281.041667   3.6 0.000
281.041667 281.083333   3.0 0.000
281.083333 281.125000   1.4 0.000
281.125000 281.166667   0.0 0.000
281.166667 281.208333   0.0 0.000
281.208333 281.250000   0.0 0.000
281.250000 281.291667   0.0 0.000
281.291667 281.333333   0.0 0.000
281.333333 281.375000   0.0 0.000
281.375000 281.416667   0.0 0.000
281.416667 281.458333   0.0 0.000
281.458333 281.500000   0.0 0.000
281.500000 281.541667   0.0 0.000
281.541667 281.583333   0.0 0.000
281.583333 281.625000   0.0 0.000
281.625000 281.666667   0.0 0.000
281.666667 281.708333   0.0 0.000
281.708333 281.750000   0.0 0.000
281.750000 281.791667   0.0 0.000
281.791667 281.833333   0.0 0.000
281.833333 281.875000   0.0 0.000
281.875000 281.916667   0.0 0.000
281.916667 281.958333   0.0 0.000
281.958333 282.000000   0.0 0.000
282.000000 282.041667   0.0 0.000
282.041667 282.083333   0.0 0.000
282.083333 282.125000   0.0 0.000
282.125000 282.166667   0.0 0.000
282.166667 282.208333 999.9 0.999
282.208333 282.250000   0.0 0.000
282.250000 282.291667   0.0 0.000
282.291667 282.333333   0.4 0.000
282.333333 282.375000   3.7 0.000
282.375000 282.416667   3.1 0.000
282.416667 282.458333   2.5 0.000
282.458333 282.500000   2.0 0.000
282.500000 282.541667   1.7 0.000
282.541667 282.583333   2.5 0.000
282.583333 282.625000   2.3 0.000
282.625000 282.666667   1.3 0.000
282.666667 282.708333   0.6 0.000
282.708333 282.750000   0.9 0.000
282.750000 282.791667   0.6 0.000
282.791667 282.833333   1.3 0.000
282.833333 282.875000   1.4 0.000
282.875000 282.916667 999.9 0.999
282.916667 282.958333   2.1 0.000
282.958333 283.000000   2.4 0.000
283.000000 283.041667   4.2 0.000
283.041667 283.083333   4.9 0.000
283.083333 283.125000   4.4 0.000
283.125000 283.166667   3.6 0.000
283.166667 283.208333   4.7 0.000
283.208333 283.250000   1.9 0.000
283.250000 283.291667   2.4 0.000
283.291667 283.333333   3.6 0.000
283.333333 283.375000   7.6 0.000
283.375000 283.416667   8.2 0.000
283.416667 283.458333   7.5 0.000
283.458333 283.500000 999.9 0.999
283.500000 283.541667   7.2 0.000
283.541667 283.583333   6.4 0.000
283.583333 283.625000   5.9 0.000
283.625000 283.666667   6.2 0.000
283.666667 283.708333   5.2 0.000
283.708333 283.750000   4.4 0.000
283.750000 283.791667   2.9 0.000
283.791667 283.833333   2.5 0.000
283.833333 283.875000   1.2 0.000
283.875000 283.916667   1.4 0.000
283.916667 283.958333   1.3 0.000
283.958333 284.000000   1.3 0.000
284.000000 284.041667   1.5 0.000
284.041667 284.083333   1.8 0.000
284.083333 284.125000   2.5 0.000
284.125000 284.166667   2.6 0.000
284.166667 284.208333   2.6 0.000
284.208333 284.250000   2.0 0.000
284.250000 284.291667   0.6 0.000
284.291667 284.333333   0.4 0.000
284.333333 284.375000   1.1 0.000
284.375000 284.416667   2.3 0.000
284.416667 284.458333   1.5 0.000
284.458333 284.500000   3.8 0.000
284.500000 284.541667   5.4 0.000
284.541667 284.583333   5.1 0.000
284.583333 284.625000   5.4 0.000
284.625000 284.666667   4.7 0.000
284.666667 284.708333   2.1 0.000
284.708333 284.750000   2.8 0.000
284.750000 284.791667   3.7 0.000
284.791667 284.833333   4.0 0.000
284.833333 284.875000   2.4 0.000
284.875000 284.916667   4.7 0.000
284.916667 284.958333   4.4 0.000
284.958333 285.000000   5.6 0.000
285.000000 285.041667   4.5 0.000
285.041667 285.083333   3.8 0.000
285.083333 285.125000   2.9 0.000
285.125000 285.166667   3.6 0.000
285.166667 285.208333   2.4 0.000
285.208333 285.250000   2.5 0.000
285.250000 285.291667   2.4 0.000
285.291667 285.333333   2.2 0.000
285.333333 285.375000   1.5 0.000
285.375000 285.416667   1.9 0.000
285.416667 285.458333   1.4 0.000
285.458333 285.500000   1.6 0.000
285.500000 285.541667   1.4 0.000
285.541667 285.583333   0.8 0.000
285.583333 285.625000   0.7 0.000
285.625000 285.666667   1.6 0.000
285.666667 285.708333   2.7 0.000
285.708333 285.750000   1.6 0.000
285.750000 285.791667   1.2 0.000
285.791667 285.833333   1.4 0.000
285.833333 285.875000   2.3 0.000
285.875000 285.916667   2.0 0.000
285.916667 285.958333   2.5 0.000
285.958333 286.000000   0.9 0.000
286.000000 286.041667   1.5 0.000
286.041667 286.083333   1.9 0.000
286.083333 286.125000   1.4 0.000
286.125000 286.166667   1.6 0.000
286.166667 286.208333   1.5 0.000
286.208333 286.250000   1.5 0.000
286.250000 286.291667   1.9 0.000
286.291667 286.333333   2.2 0.000
286.333333 286.375000   1.3 0.000
286.375000 286.416667   1.8 0.000
286.416667 286.458333   2.0 0.000
286.458333 286.500000   2.1 0.000
286.500000 286.541667   2.0 0.000
286.541667 286.583333   1.7 0.000
286.583333 286.625000   1.8 0.000
286.625000 286.666667   1.8 0.000
286.666667 286.708333   2.4 0.000
286.708333 286.750000   2.0 0.000
286.750000 286.791667   2.2 0.000
286.791667 286.833333   2.6 0.000
286.833333 286.875000   2.4 0.000
286.875000 286.916667   2.9 0.000
286.916667 286.958333   3.9 0.000
286.958333 287.000000   3.2 0.000
287.000000 287.041667   3.7 0.000
287.041667 287.083333   2.9 0.000
287.083333 287.125000   3.9 0.000
287.125000 287.166667   2.9 0.000
287.166667 287.208333   3.1 0.000
287.208333 287.250000   3.1 0.000
287.250000 287.291667   3.7 0.000
287.291667 287.333333   4.5 0.000
287.333333 287.375000   3.9 0.000
287.375000 287.416667   4.2 0.000
287.416667 287.458333   3.1 0.000
287.458333 287.500000   2.5 0.000
287.500000 287.541667   2.3 0.000
287.541667 287.583333   1.5 0.000
287.583333 287.625000   1.4 0.000
287.625000 287.666667   1.0 0.000
287.666667 287.708333   1.5 0.000
287.708333 287.750000   1.0 0.000
287.750000 287.791667   1.5 0.000
287.791667 287.833333   1.6 0.000
287.833333 287.875000   1.9 0.000
287.875000 287.916667   1.6 0.000
287.916667 287.958333   1.7 0.000
287.958333 288.000000   1.4 0.000
288.000000 288.041667   1.6 0.000
288.041667 288.083333   1.6 0.000
288.083333 288.125000   2.0 0.000
288.125000 288.166667   1.5 0.000
288.166667 288.208333   1.9 0.000
288.208333 288.250000   2.7 0.000
288.250000 288.291667   3.2 0.000
288.291667 288.333333   4.3 0.000
288.333333 288.375000   5.1 0.000
288.375000 288.416667   4.0 0.000
288.416667 288.458333   3.7 0.000
288.458333 288.500000   4.6 0.000
288.500000 288.541667   7.6 0.000
288.541667 288.583333  10.3 0.000
288.583333 288.625000  11.8 0.000
288.625000 288.666667  12.9 0.000
288.666667 288.708333  14.8 0.000
288.708333 288.750000  15.3 0.000
288.750000 288.791667  13.3 0.000
288.791667 288.833333  12.5 0.000
288.833333 288.875000  11.0 0.000
288.875000 288.916667   9.6 0.000
288.916667 288.958333   8.8 0.000
288.958333 289.000000   7.9 0.000
289.000000 289.041667   9.2 0.000
289.041667 289.083333   7.1 0.000
289.083333 289.125000   6.0 0.000
289.125000 289.166667   3.9 0.000
289.166667 289.208333   4.8 0.000
289.208333 289.250000   4.9 0.000
289.250000 289.291667   3.5 0.000
289.291667 289.333333   3.2 0.000
289.333333 289.375000   2.1 0.000
289.375000 289.416667   2.6 0.000
289.416667 289.458333   3.5 0.000
289.458333 289.500000 999.9 0.999
289.500000 289.541667   5.6 0.000
289.541667 289.583333   5.8 0.000
289.583333 289.625000   4.3 0.000
289.625000 289.666667   3.3 0.000
289.666667 289.708333   3.2 0.000
289.708333 289.750000   3.6 0.000
289.750000 289.791667   4.2 0.000
289.791667 289.833333 999.9 0.999
289.833333 289.875000   4.4 0.000
289.875000 289.916667   5.7 0.000
289.916667 289.958333   5.6 0.000
289.958333 290.000000   5.0 0.000
290.000000 290.041667   5.0 0.000
290.041667 290.083333   4.5 0.000
290.083333 290.125000   4.1 0.000
290.125000 290.166667   4.1 0.000
290.166667 290.208333   3.8 0.000
290.208333 290.250000   3.9 0.000
290.250000 290.291667   3.3 0.000
290.291667 290.333333   3.2 0.000
290.333333 290.375000   3.5 0.000
290.375000 290.416667   4.2 0.000
290.416667 290.458333   2.8 0.000
290.458333 290.500000   3.0 0.000
290.500000 290.541667   4.0 0.000
290.541667 290.583333   5.3 0.000
290.583333 290.625000 999.9 0.999
290.625000 290.666667   2.9 0.000
290.666667 290.708333   2.6 0.000
290.708333 290.750000   2.5 0.000
290.750000 290.791667   2.8 0.000
290.791667 290.833333   3.0 0.000
290.833333 290.875000   2.5 0.000
290.875000 290.916667 999.9 0.999
290.916667 290.958333   2.0 0.000
290.958333 291.000000   3.9 0.000
291.000000 291.041667   4.8 0.000
291.041667 291.083333   5.8 0.000
291.083333 291.125000   5.5 0.000
291.125000 291.166667   4.6 0.000
291.166667 291.208333 999.9 0.999
291.208333 291.250000   4.3 0.000
291.250000 291.291667   4.0 0.000
291.291667 291.333333   4.1 0.000
291.333333 291.375000   2.9 0.000
291.375000 291.416667   3.3 0.000
291.416667 291.458333   1.8 0.000
291.458333 291.500000   2.5 0.000
291.500000 291.541667   3.6 0.000
291.541667 291.583333   3.4 0.000
291.583333 291.625000   2.7 0.000
291.625000 291.666667   4.2 0.000
291.666667 291.708333   4.1 0.000
291.708333 291.750000   3.6 0.000
291.750000 291.791667   3.3 0.000
291.791667 291.833333   3.2 0.000
291.833333 291.875000   4.0 0.000
291.875000 291.916667   4.7 0.000
291.916667 291.958333   3.7 0.000
291.958333 292.000000   2.1 0.000
292.000000 292.041667   1.6 0.000
292.041667 292.083333   3.4 0.000
292.083333 292.125000   2.0 0.000
292.125000 292.166667   3.2 0.000
292.166667 292.208333   0.9 0.000
292.208333 292.250000   0.4 0.000
292.250000 292.291667   0.8 0.000
292.291667 292.333333   0.4 0.000
292.333333 292.375000   0.8 0.000
292.375000 292.416667   1.3 0.000
292.416667 292.458333   0.9 0.000
292.458333 292.500000   1.0 0.000
292.500000 292.541667   0.9 0.000
292.541667 292.583333   1.2 0.000
292.583333 292.625000   0.8 0.000
292.625000 292.666667   0.6 0.000
292.666667 292.708333   0.8 0.000
292.708333 292.750000   0.5 0.000
292.750000 292.791667   0.0 0.000
292.791667 292.833333   0.0 0.000
292.833333 292.875000   0.0 0.000
292.875000 292.916667   0.6 0.000
292.916667 292.958333   0.9 0.000
292.958333 293.000000   0.8 0.000
293.000000 293.041667   2.0 0.000
293.041667 293.083333   1.9 0.000
293.083333 293.125000   2.0 0.000
293.125000 293.166667   2.4 0.000
293.166667 293.208333   2.8 0.000
293.208333 293.250000   2.5 0.000
293.250000 293.291667   3.2 0.000
293.291667 293.333333   3.3 0.000
293.333333 293.375000   2.6 0.000
293.375000 293.416667   2.6 0.000
293.416667 293.458333   2.3 0.000
293.458333 293.500000   2.2 0.000
293.500000 293.541667   1.6 0.000
293.541667 293.583333   2.7 0.000
293.583333 293.625000   2.4 0.000
293.625000 293.666667   3.5 0.000
293.666667 293.708333   1.6 0.000
293.708333 293.750000   0.2 0.000
293.750000 293.791667   0.3 0.000
293.791667 293.833333   1.1 0.000
293.833333 293.875000   1.3 0.000
293.875000 293.916667   1.6 0.000
293.916667 293.958333   1.4 0.000
293.958333 294.000000   1.3 0.000
294.000000 294.041667   0.7 0.000
294.041667 294.083333   0.6 0.000
