content/training/pyaerocom/EBAS_FILES/NO0042G.20050101000000.20120101000000.aws.wind_speed.met.1y.1h.NO01L_NO42_aws_10m.NO01L_cup_anemometer..nas
52 1001
Aas, Wenche
NO01L, Norwegian Institute for Air Research, NILU, Atmosphere and Climate Department, Instituttveien 18, , 2007, Kjeller, Norway
Hjellbrekke, Anne
EMEP NILU
1 1
2005 01 01 2012 01 01
0.041667
days from file reference point
3
1 1 1
999.999999 999.9 9.999
end_time of measurement, days from the file reference point
wind_speed, m/s
numflag wind_speed, no unit
0
35
Data definition:              EBAS_1.1
Set type code:                TU
Timezone:                     UTC
File name:                    NO0042G.20050101000000.20120101000000.aws.wind_speed.met.1y.1h.NO01L_NO42_aws_10m.NO01L_cup_anemometer..nas
File creation:                20191018095601
Startdate:                    20050101000000
Revision date:                20120101000000
Statistics:                   arithmetic mean
Data level:                   
Period code:                  1y
Resolution code:              1h
Station code:                 NO0042G
Platform code:                NO0042S
Station name:                 Zeppelin mountain (Ny-Ålesund)
Station WDCA-ID:              GAWANO__ZEP
Station GAW-ID:               ZEP
Station GAW-Name:             Zeppelin Mountain (Ny Ålesund)
Station land use:             Gravel and stone
Station setting:              Polar
Station GAW type:             G
Station WMO region:           6
Station latitude:             78.90715
Station longitude:            11.88668
Station altitude:             474.0m
Regime:                       IMG
Component:                    wind_speed
Unit:                         m/s
Matrix:                       met
Instrument type:              aws
Laboratory code:              NO01L
Instrument name:              NO42_aws_10m
Method ref:                   NO01L_cup_anemometer
Originator:                   Aas, Wenche, waa@nilu.no, Norwegian Institute for Air Research, NILU, Atmosphere and Climate Department, Instituttveien 18, , 2007, Kjeller, Norway
Submitter:                    Hjellbrekke, Anne, agh@nilu.no, Norwegian Institute for Air Research, NILU, Atmosphere and Climate Department, Instituttveien 18, , 2007, Kjeller, Norway
starttime endtime wind_s flag_wind_s
[from data line 3295]
137.291667 137.333333   6.2 0.000
137.333333 137.375000   6.0 0.000
137.375000 137.416667   5.5 0.000
137.416667 137.458333   5.5 0.000
137.458333 137.500000   5.4 0.000
137.500000 137.541667   6.4 0.000
137.541667 137.583333   5.2 0.000
137.583333 137.625000   5.9 0.000
137.625000 137.666667   4.8 0.000
137.666667 137.708333   4.5 0.000
137.708333 137.750000   4.5 0.000
137.750000 137.791667   5.8 0.000
137.791667 137.833333   6.0 0.000
137.833333 137.875000   5.9 0.000
137.875000 137.916667   5.5 0.000
137.916667 137.958333   4.9 0.000
137.958333 138.000000   4.8 0.000
138.000000 138.041667   5.2 0.000
138.041667 138.083333   4.3 0.000
138.083333 138.125000   3.1 0.000
138.125000 138.166667   3.5 0.000
138.166667 138.208333   3.6 0.000
138.208333 138.250000   2.3 0.000
138.250000 138.291667   1.6 0.000
138.291667 138.333333   1.8 0.000
138.333333 138.375000   1.5 0.000
138.375000 138.416667   2.3 0.000
138.416667 138.458333   2.0 0.000
138.458333 138.500000   2.6 0.000
138.500000 138.541667   2.9 0.000
138.541667 138.583333   2.1 0.000
138.583333 138.625000   1.2 0.000
138.625000 138.666667   0.9 0.000
138.666667 138.708333   1.1 0.000
138.708333 138.750000   1.2 0.000
138.750000 138.791667   1.7 0.000
138.791667 138.833333   3.0 0.000
138.833333 138.875000   3.9 0.000
138.875000 138.916667   3.4 0.000
138.916667 138.958333   2.6 0.000
138.958333 139.000000   2.5 0.000
139.000000 139.041667   3.9 0.000
139.041667 139.083333   4.1 0.000
139.083333 139.125000   3.5 0.000
139.125000 139.166667   3.4 0.000
139.166667 139.208333   4.3 0.000
139.208333 139.250000   4.8 0.000
139.250000 139.291667   5.3 0.000
139.291667 139.333333   4.7 0.000
139.333333 139.375000   4.6 0.000
139.375000 139.416667   4.9 0.000
139.416667 139.458333   4.6 0.000
139.458333 139.500000   6.7 0.000
139.500000 139.541667   7.3 0.000
139.541667 139.583333   6.2 0.000
139.583333 139.625000   5.2 0.000
139.625000 139.666667   4.5 0.000
139.666667 139.708333   3.3 0.000
139.708333 139.750000   4.3 0.000
139.750000 139.791667   5.3 0.000
139.791667 139.833333   4.6 0.000
139.833333 139.875000   4.0 0.000
139.875000 139.916667   4.3 0.000
139.916667 139.958333   7.2 0.000
139.958333 140.000000   6.9 0.000
140.000000 140.041667   6.3 0.000
140.041667 140.083333   4.7 0.000
140.083333 140.125000   3.8 0.000
140.125000 140.166667   6.6 0.000
140.166667 140.208333   6.3 0.000
140.208333 140.250000   7.0 0.000
140.250000 140.291667   4.3 0.000
140.291667 140.333333   1.9 0.000
140.333333 140.375000   2.9 0.000
140.375000 140.416667   3.3 0.000
140.416667 140.458333   5.8 0.000
140.458333 140.500000   5.2 0.000
140.500000 140.541667   4.7 0.000
140.541667 140.583333   5.7 0.000
140.583333 140.625000   3.4 0.000
140.625000 140.666667   3.6 0.000
140.666667 140.708333   4.2 0.000
140.708333 140.750000   3.9 0.000
140.750000 140.791667   4.7 0.000
140.791667 140.833333   6.0 0.000
140.833333 140.875000   5.8 0.000
140.875000 140.916667   6.2 0.000
140.916667 140.958333   6.9 0.000
140.958333 141.000000   7.2 0.000
141.000000 141.041667   7.7 0.000
141.041667 141.083333   5.5 0.000
141.083333 141.125000   4.2 0.000
141.125000 141.166667   4.8 0.000
141.166667 141.208333   5.7 0.000
141.208333 141.250000   5.7 0.000
141.250000 141.291667   4.1 0.000
141.291667 141.333333   5.6 0.000
141.333333 141.375000   5.8 0.000
141.375000 141.416667   6.9 0.000
141.416667 141.458333   6.3 0.000
141.458333 141.500000   6.0 0.000
141.500000 141.541667   5.6 0.000
141.541667 141.583333   5.6 0.000
141.583333 141.625000   4.8 0.000
141.625000 141.666667   5.6 0.000
141.666667 141.708333   6.1 0.000
141.708333 141.750000   5.7 0.000
141.750000 141.791667   5.2 0.000
141.791667 141.833333   5.1 0.000
141.833333 141.875000   5.8 0.000
141.875000 141.916667   6.3 0.000
141.916667 141.958333   6.8 0.000
141.958333 142.000000   6.9 0.000
142.000000 142.041667   6.2 0.000
142.041667 142.083333   6.0 0.000
142.083333 142.125000   5.8 0.000
142.125000 142.166667   5.9 0.000
142.166667 142.208333   5.0 0.000
142.208333 142.250000   4.2 0.000
142.250000 142.291667   4.2 0.000
142.291667 142.333333   4.5 0.000
142.333333 142.375000   4.6 0.000
142.375000 142.416667   4.9 0.000
142.416667 142.458333   5.0 0.000
142.458333 142.500000   5.0 0.000
142.500000 142.541667   5.6 0.000
142.541667 142.583333   4.5 0.000
142.583333 142.625000   4.1 0.000
142.625000 142.666667   4.8 0.000
142.666667 142.708333   3.8 0.000
142.708333 142.750000   4.1 0.000
142.750000 142.791667   4.2 0.000
142.791667 142.833333   4.9 0.000
142.833333 142.875000   3.6 0.000
142.875000 142.916667   3.7 0.000
142.916667 142.958333   4.4 0.000
142.958333 143.000000   4.3 0.000
143.000000 143.041667   6.0 0.000
143.041667 143.083333   6.0 0.000
143.083333 143.125000   4.2 0.000
143.125000 143.166667   4.0 0.000
143.166667 143.208333   3.6 0.000
143.208333 143.250000   3.6 0.000
143.250000 143.291667   3.3 0.000
143.291667 143.333333   3.0 0.000
143.333333 143.375000   3.7 0.000
143.375000 143.416667   4.5 0.000
143.416667 143.458333   4.1 0.000
143.458333 143.500000   5.6 0.000
143.500000 143.541667   4.6 0.000
143.541667 143.583333   4.4 0.000
143.583333 143.625000   4.4 0.000
143.625000 143.666667   5.1 0.000
143.666667 143.708333   4.0 0.000
143.708333 143.750000   3.3 0.000
143.750000 143.791667   4.4 0.000
143.791667 143.833333   3.7 0.000
143.833333 143.875000   3.5 0.000
143.875000 143.916667   1.7 0.000
143.916667 143.958333   1.6 0.000
143.958333 144.000000   1.0 0.000
144.000000 144.041667   1.1 0.000
144.041667 144.083333   3.6 0.000
144.083333 144.125000   1.8 0.000
144.125000 144.166667   2.4 0.000
144.166667 144.208333   2.2 0.000
144.208333 144.250000   4.2 0.000
144.250000 144.291667   5.7 0.000
144.291667 144.333333   5.5 0.000
144.333333 144.375000   4.7 0.000
144.375000 144.416667   3.9 0.000
144.416667 144.458333   2.6 0.000
144.458333 144.500000   1.2 0.000
144.500000 144.541667   1.3 0.000
144.541667 144.583333   3.1 0.000
144.583333 144.625000   3.0 0.000
144.625000 144.666667   2.2 0.000
144.666667 144.708333   1.0 0.000
144.708333 144.750000   1.1 0.000
144.750000 144.791667   1.1 0.000
144.791667 144.833333   1.7 0.000
144.833333 144.875000   3.6 0.000
144.875000 144.916667   3.9 0.000
144.916667 144.958333   6.2 0.000
144.958333 145.000000   7.5 0.000
145.000000 145.041667  10.3 0.000
145.041667 145.083333   8.3 0.000
145.083333 145.125000   7.5 0.000
145.125000 145.166667   8.8 0.000
145.166667 145.208333   8.2 0.000
145.208333 145.250000   8.2 0.000
145.250000 145.291667   8.2 0.000
145.291667 145.333333   8.4 0.000
145.333333 145.375000   8.9 0.000
145.375000 145.416667   9.2 0.000
145.416667 145.458333   7.0 0.000
145.458333 145.500000   5.8 0.000
145.500000 145.541667   3.9 0.000
145.541667 145.583333   4.8 0.000
145.583333 145.625000   7.2 0.000
145.625000 145.666667   8.0 0.000
145.666667 145.708333   8.6 0.000
145.708333 145.750000   8.8 0.000
145.750000 145.791667   6.6 0.000
145.791667 145.833333   5.8 0.000
145.833333 145.875000   6.9 0.000
145.875000 145.916667   8.3 0.000
145.916667 145.958333   6.3 0.000
145.958333 146.000000   5.3 0.000
146.000000 146.041667   6.9 0.000
146.041667 146.083333   6.6 0.000
146.083333 146.125000   5.1 0.000
146.125000 146.166667   5.8 0.000
146.166667 146.208333   6.1 0.000
146.208333 146.250000   6.0 0.000
146.250000 146.291667   6.1 0.000
146.291667 146.333333   6.4 0.000
146.333333 146.375000   6.8 0.000
146.375000 146.416667   6.2 0.000
146.416667 146.458333   5.7 0.000
146.458333 146.500000   6.5 0.000
146.500000 146.541667   6.9 0.000
146.541667 146.583333   6.5 0.000
146.583333 146.625000   6.0 0.000
146.625000 146.666667   3.9 0.000
146.666667 146.708333   5.0 0.000
146.708333 146.750000   5.8 0.000
146.750000 146.791667   4.0 0.000
146.791667 146.833333   2.3 0.000
146.833333 146.875000   2.1 0.000
146.875000 146.916667   3.0 0.000
146.916667 146.958333   4.6 0.000
146.958333 147.000000   3.6 0.000
147.000000 147.041667   1.8 0.000
147.041667 147.083333   1.3 0.000
147.083333 147.125000   2.4 0.000
147.125000 147.166667   3.3 0.000
147.166667 147.208333   2.5 0.000
147.208333 147.250000   1.8 0.000
147.250000 147.291667   1.4 0.000
147.291667 147.333333   2.3 0.000
147.333333 147.375000   2.5 0.000
147.375000 147.416667   3.5 0.000
147.416667 147.458333   4.1 0.000
147.458333 147.500000   2.3 0.000
147.500000 147.541667   1.1 0.000
147.541667 147.583333   0.9 0.000
147.583333 147.625000   0.5 0.000
147.625000 147.666667   0.5 0.000
147.666667 147.708333   1.5 0.000
147.708333 147.750000   3.4 0.000
147.750000 147.791667   4.0 0.000
147.791667 147.833333   3.6 0.000
147.833333 147.875000   2.7 0.000
147.875000 147.916667   2.9 0.000
147.916667 147.958333   2.8 0.000
147.958333 148.000000   2.7 0.000
148.000000 148.041667   2.1 0.000
148.041667 148.083333   2.4 0.000
148.083333 148.125000   2.3 0.000
148.125000 148.166667   2.9 0.000
148.166667 148.208333   3.3 0.000
148.208333 148.250000   2.3 0.000
148.250000 148.291667   3.1 0.000
148.291667 148.333333   3.3 0.000
148.333333 148.375000   3.3 0.000
148.375000 148.416667   4.1 0.000
148.416667 148.458333   3.3 0.000
148.458333 148.500000   3.3 0.000
148.500000 148.541667   2.4 0.000
148.541667 148.583333   2.9 0.000
148.583333 148.625000   2.7 0.000
148.625000 148.666667   3.5 0.000
148.666667 148.708333   3.0 0.000
148.708333 148.750000   3.7 0.000
148.750000 148.791667   3.9 0.000
148.791667 148.833333   2.1 0.000
148.833333 148.875000   1.4 0.000
148.875000 148.916667   1.4 0.000
148.916667 148.958333   1.2 0.000
148.958333 149.000000   1.4 0.000
149.000000 149.041667   1.2 0.000
149.041667 149.083333   0.8 0.000
149.083333 149.125000   0.2 0.000
149.125000 149.166667   0.4 0.000
149.166667 149.208333   0.1 0.000
149.208333 149.250000   0.2 0.000
149.250000 149.291667   0.8 0.000
149.291667 149.333333   1.3 0.000
149.333333 149.375000   1.5 0.000
149.375000 149.416667   1.4 0.000
149.416667 149.458333   1.2 0.000
149.458333 149.500000   1.3 0.000
149.500000 149.541667   1.2 0.000
149.541667 149.583333   1.0 0.000
149.583333 149.625000   1.2 0.000
149.625000 149.666667   0.4 0.000
149.666667 149.708333   0.5 0.000
149.708333 149.750000   0.6 0.000
149.750000 149.791667   1.3 0.000
149.791667 149.833333   1.5 0.000
149.833333 149.875000   1.5 0.000
149.875000 149.916667   2.0 0.000
149.916667 149.958333   2.0 0.000
149.958333 150.000000   2.7 0.000
150.000000 150.041667   3.4 0.000
150.041667 150.083333   2.6 0.000
150.083333 150.125000   2.5 0.000
150.125000 150.166667   2.9 0.000
150.166667 150.208333   3.3 0.000
150.208333 150.250000   3.2 0.000
150.250000 150.291667   3.5 0.000
150.291667 150.333333   3.0 0.000
150.333333 150.375000   2.9 0.000
150.375000 150.416667   2.3 0.000
150.416667 150.458333   1.0 0.000
150.458333 150.500000   0.8 0.000
150.500000 150.541667   0.4 0.000
150.541667 150.583333   0.6 0.000
150.583333 150.625000   1.0 0.000
150.625000 150.666667   1.5 0.000
150.666667 150.708333   1.9 0.000
150.708333 150.750000   3.5 0.000
150.750000 150.791667   3.2 0.000
150.791667 150.833333   2.8 0.000
150.833333 150.875000   4.0 0.000
150.875000 150.916667   3.8 0.000
150.916667 150.958333   3.4 0.000
150.958333 151.000000   3.4 0.000
151.000000 151.041667   2.5 0.000
151.041667 151.083333   2.4 0.000
151.083333 151.125000   2.3 0.000
151.125000 151.166667   3.5 0.000
151.166667 151.208333   2.4 0.000
151.208333 151.250000   0.7 0.000
151.250000 151.291667   3.6 0.000
151.291667 151.333333   3.8 0.000
151.333333 151.375000   2.7 0.000
151.375000 151.416667   2.0 0.000
151.416667 151.458333   2.9 0.000
151.458333 151.500000   2.6 0.000
151.500000 151.541667   2.2 0.000
151.541667 151.583333   0.9 0.000
151.583333 151.625000   1.9 0.000
151.625000 151.666667   3.0 0.000
151.666667 151.708333   2.2 0.000
151.708333 151.750000   0.8 0.000
151.750000 151.791667   0.5 0.000
151.791667 151.833333   0.7 0.000
151.833333 151.875000   1.2 0.000
151.875000 151.916667   3.6 0.000
151.916667 151.958333   5.7 0.000
151.958333 152.000000   6.4 0.000
152.000000 152.041667   6.6 0.000
152.041667 152.083333   7.4 0.000
152.083333 152.125000   6.7 0.000
152.125000 152.166667   6.1 0.000
152.166667 152.208333   4.3 0.000
152.208333 152.250000   5.0 0.000
152.250000 152.291667   6.4 0.000
152.291667 152.333333   6.3 0.000
152.333333 152.375000   5.7 0.000
152.375000 152.416667   5.6 0.000
152.416667 152.458333   5.0 0.000
152.458333 152.500000   4.3 0.000
152.500000 152.541667   4.5 0.000
152.541667 152.583333   1.6 0.000
152.583333 152.625000   0.8 0.000
152.625000 152.666667   1.8 0.000
152.666667 152.708333   1.8 0.000
152.708333 152.750000   1.3 0.000
152.750000 152.791667   1.0 0.000
152.791667 152.833333   2.5 0.000
152.833333 152.875000   2.2 0.000
152.875000 152.916667   0.9 0.000
152.916667 152.958333   0.8 0.000
152.958333 153.000000   0.7 0.000
153.000000 153.041667   1.0 0.000
153.041667 153.083333   1.3 0.000
153.083333 153.125000   1.4 0.000
153.125000 153.166667   1.4 0.000
153.166667 153.208333   1.4 0.000
153.208333 153.250000   0.7 0.000
153.250000 153.291667   0.9 0.000
153.291667 153.333333   0.5 0.000
153.333333 153.375000   0.7 0.000
153.375000 153.416667   0.4 0.000
153.416667 153.458333   0.4 0.000
153.458333 153.500000   0.4 0.000
153.500000 153.541667   0.7 0.000
153.541667 153.583333   0.6 0.000
153.583333 153.625000   0.6 0.000
153.625000 153.666667   1.1 0.000
153.666667 153.708333   1.5 0.000
153.708333 153.750000   1.1 0.000
153.750000 153.791667   0.9 0.000
153.791667 153.833333   0.9 0.000
153.833333 153.875000   1.1 0.000
153.875000 153.916667   1.4 0.000
153.916667 153.958333   1.1 0.000
153.958333 154.000000   1.0 0.000
154.000000 154.041667   0.8 0.000
154.041667 154.083333   0.2 0.000
154.083333 154.125000   0.6 0.000
154.125000 154.166667   1.0 0.000
154.166667 154.208333   0.7 0.000
154.208333 154.250000   0.8 0.000
154.250000 154.291667   0.7 0.000
154.291667 154.333333   1.5 0.000
154.333333 154.375000   2.2 0.000
154.375000 154.416667   2.0 0.000
154.416667 154.458333   2.5 0.000
154.458333 154.500000   2.3 0.000
154.500000 154.541667   2.2 0.000
154.541667 154.583333   1.9 0.000
154.583333 154.625000   1.6 0.000
154.625000 154.666667   1.9 0.000
154.666667 154.708333   2.0 0.000
154.708333 154.750000   1.9 0.000
154.750000 154.791667   1.6 0.000
154.791667 154.833333   1.8 0.000
154.833333 154.875000   2.2 0.000
154.875000 154.916667   2.4 0.000
154.916667 154.958333   2.9 0.000
154.958333 155.000000   2.5 0.000
155.000000 155.041667   2.8 0.000
155.041667 155.083333   2.6 0.000
155.083333 155.125000   3.5 0.000
155.125000 155.166667   3.7 0.000
155.166667 155.208333   3.8 0.000
155.208333 155.250000   4.2 0.000
155.250000 155.291667   3.5 0.000
155.291667 155.333333   3.5 0.000
155.333333 155.375000   3.8 0.000
155.375000 155.416667   3.5 0.000
155.416667 155.458333   3.3 0.000
155.458333 155.500000   3.5 0.000
155.500000 155.541667   2.9 0.000
155.541667 155.583333   2.9 0.000
155.583333 155.625000   2.3 0.000
155.625000 155.666667   1.0 0.000
155.666667 155.708333   0.5 0.000
155.708333 155.750000   0.8 0.000
155.750000 155.791667   0.5 0.000
155.791667 155.833333   0.4 0.000
155.833333 155.875000   0.4 0.000
155.875000 155.916667   0.4 0.000
155.916667 155.958333   1.4 0.000
155.958333 156.000000   0.7 0.000
156.000000 156.041667   0.5 0.000
156.041667 156.083333   0.6 0.000
156.083333 156.125000   2.0 0.000
156.125000 156.166667   2.2 0.000
156.166667 156.208333   2.1 0.000
156.208333 156.250000   2.2 0.000
156.250000 156.291667   2.3 0.000
156.291667 156.333333   2.0 0.000
156.333333 156.375000   2.0 0.000
156.375000 156.416667   2.2 0.000
156.416667 156.458333   2.2 0.000
156.458333 156.500000   2.2 0.000
156.500000 156.541667   2.6 0.000
156.541667 156.583333   1.0 0.000
156.583333 156.625000   0.6 0.000
156.625000 156.666667   0.6 0.000
156.666667 156.708333   0.4 0.000
156.708333 156.750000   0.5 0.000
156.750000 156.791667   0.5 0.000
156.791667 156.833333   0.4 0.000
