content/training/pyaerocom/EBAS_FILES/NO0042G.20050101000000.20120101000000.aws.wind_speed.met.1y.1h.NO01L_NO42_aws_10m.NO01L_cup_anemometer..nas
52 1001
Aas, Wenche
NO01L, Norwegian Institute for Air Research, NILU, Atmosphere and Climate Department, Instituttveien 18, , 2007, Kjeller, Norway
Hjellbrekke, Anne
EMEP NILU
1 1
2005 01 01 2012 01 01
0.041667
days from file reference point
3
1 1 1
999.999999 999.9 9.999
end_time of measurement, days from the file reference point
wind_speed, m/s
numflag wind_speed, no unit
0
35
Data definition:              EBAS_1.1
Set type code:                TU
Timezone:                     UTC
File name:                    NO0042G.20050101000000.20120101000000.aws.wind_speed.met.1y.1h.NO01L_NO42_aws_10m.NO01L_cup_anemometer..nas
File creation:                20191018095601
Startdate:                    20050101000000
Revision date:                20120101000000
Statistics:                   arithmetic mean
Data level:                   
Period code:                  1y
Resolution code:              1h
Station code:                 NO0042G
Platform code:                NO0042S
Station name:                 Zeppelin mountain (Ny-Ålesund)
Station WDCA-ID:              GAWANO__ZEP
Station GAW-ID:               ZEP
Station GAW-Name:             Zeppelin Mountain (Ny Ålesund)
Station land use:             Gravel and stone
Station setting:              Polar
Station GAW type:             G
Station WMO region:           6
Station latitude:             78.90715
Station longitude:            11.88668
Station altitude:             474.0m
Regime:                       IMG
Component:                    wind_speed
Unit:                         m/s
Matrix:                       met
Instrument type:              aws
Laboratory code:              NO01L
Instrument name:              NO42_aws_10m
Method ref:                   NO01L_cup_anemometer
Originator:                   Aas, Wenche, waa@nilu.no, Norwegian Institute for Air Research, NILU, Atmosphere and Climate Department, Instituttveien 18, , 2007, Kjeller, Norway
Submitter:                    Hjellbrekke, Anne, agh@nilu.no, Norwegian Institute for Air Research, NILU, Atmosphere and Climate Department, Instituttveien 18, , 2007, Kjeller, Norway
starttime endtime wind_s flag_wind_s
[from data line 471]
 19.625000  19.666667   3.2 0.000
 19.666667  19.708333   4.8 0.000
 19.708333  19.750000   3.7 0.000
 19.750000  19.791667   4.9 0.000
 19.791667  19.833333   5.2 0.000
 19.833333  19.875000   4.6 0.000
 19.875000  19.916667   4.2 0.000
 19.916667  19.958333   3.5 0.000
 19.958333  20.000000   5.2 0.000
 20.000000  20.041667   3.0 0.000
 20.041667  20.083333   2.9 0.000
 20.083333  20.125000   3.4 0.000
 20.125000  20.166667   3.5 0.000
 20.166667  20.208333   2.8 0.000
 20.208333  20.250000   2.3 0.000
 20.250000  20.291667   1.9 0.000
 20.291667  20.333333   1.9 0.000
 20.333333  20.375000   1.7 0.000
 20.375000  20.416667   2.2 0.000
 20.416667  20.458333   2.3 0.000
 20.458333  20.500000   1.1 0.000
 20.500000  20.541667   1.8 0.000
 20.541667  20.583333   2.7 0.000
 20.583333  20.625000   3.0 0.000
 20.625000  20.666667   3.1 0.000
 20.666667  20.708333   4.1 0.000
 20.708333  20.750000   3.3 0.000
 20.750000  20.791667   3.4 0.000
 20.791667  20.833333   3.0 0.000
 20.833333  20.875000   3.7 0.000
 20.875000  20.916667   4.1 0.000
 20.916667  20.958333   3.9 0.000
 20.958333  21.000000   3.3 0.000
 21.000000  21.041667   3.4 0.000
 21.041667  21.083333   2.9 0.000
 21.083333  21.125000   2.2 0.000
 21.125000  21.166667   1.7 0.000
 21.166667  21.208333   1.5 0.000
 21.208333  21.250000   1.2 0.000
 21.250000  21.291667   1.7 0.000
 21.291667  21.333333   1.3 0.000
 21.333333  21.375000   1.6 0.000
 21.375000  21.416667   1.4 0.000
 21.416667  21.458333   1.5 0.000
 21.458333  21.500000   1.4 0.000
 21.500000  21.541667   0.8 0.000
 21.541667  21.583333   0.7 0.000
 21.583333  21.625000   0.5 0.000
 21.625000  21.666667   0.2 0.000
 21.666667  21.708333   0.7 0.000
 21.708333  21.750000   1.3 0.000
 21.750000  21.791667   1.8 0.000
 21.791667  21.833333   1.0 0.000
 21.833333  21.875000   0.7 0.000
 21.875000  21.916667   1.2 0.000
 21.916667  21.958333   1.1 0.000
 21.958333  22.000000   0.7 0.000
 22.000000  22.041667   0.5 0.000
 22.041667  22.083333   0.8 0.000
 22.083333  22.125000   1.1 0.000
 22.125000  22.166667   0.9 0.000
 22.166667  22.208333   0.7 0.000
 22.208333  22.250000   1.1 0.000
 22.250000  22.291667   0.9 0.000
 22.291667  22.333333   1.7 0.000
 22.333333  22.375000   2.1 0.000
 22.375000  22.416667   2.5 0.000
 22.416667  22.458333   2.6 0.000
 22.458333  22.500000   2.5 0.000
 22.500000  22.541667   2.4 0.000
 22.541667  22.583333   2.7 0.000
 22.583333  22.625000   4.0 0.000
 22.625000  22.666667   4.5 0.000
 22.666667  22.708333   4.0 0.000
 22.708333  22.750000   4.2 0.000
 22.750000  22.791667   3.8 0.000
 22.791667  22.833333   2.8 0.000
 22.833333  22.875000   3.0 0.000
 22.875000  22.916667   2.8 0.000
 22.916667  22.958333   2.8 0.000
 22.958333  23.000000   2.3 0.000
 23.000000  23.041667   2.1 0.000
 23.041667  23.083333   1.0 0.000
 23.083333  23.125000   0.7 0.000
 23.125000  23.166667   0.9 0.000
 23.166667  23.208333   1.5 0.000
 23.208333  23.250000   1.7 0.000
 23.250000  23.291667   1.6 0.000
 23.291667  23.333333   1.4 0.000
 23.333333  23.375000   1.5 0.000
 23.375000  23.416667   1.0 0.000
 23.416667  23.458333   1.7 0.000
 23.458333  23.500000   2.8 0.000
 23.500000  23.541667   4.5 0.000
 23.541667  23.583333   4.7 0.000
 23.583333  23.625000   4.2 0.000
 23.625000  23.666667   4.9 0.000
 23.666667  23.708333   5.8 0.000
 23.708333  23.750000   7.8 0.000
 23.750000  23.791667   7.5 0.000
 23.791667  23.833333   6.4 0.000
 23.833333  23.875000   6.5 0.000
 23.875000  23.916667   6.5 0.000
 23.916667  23.958333   6.9 0.000
 23.958333  24.000000   6.7 0.000
 24.000000  24.041667   5.7 0.000
 24.041667  24.083333   7.0 0.000
 24.083333  24.125000   8.7 0.000
 24.125000  24.166667   9.3 0.000
 24.166667  24.208333   7.8 0.000
 24.208333  24.250000   8.6 0.000
 24.250000  24.291667   9.0 0.000
 24.291667  24.333333  10.2 0.000
 24.333333  24.375000  10.6 0.000
 24.375000  24.416667   9.6 0.000
 24.416667  24.458333   8.7 0.000
 24.458333  24.500000   7.2 0.000
 24.500000  24.541667   6.0 0.000
 24.541667  24.583333   5.6 0.000
 24.583333  24.625000   5.1 0.000
 24.625000  24.666667   5.6 0.000
 24.666667  24.708333   7.0 0.000
 24.708333  24.750000   6.5 0.000
 24.750000  24.791667   6.1 0.000
 24.791667  24.833333   5.2 0.000
 24.833333  24.875000   5.8 0.000
 24.875000  24.916667   7.7 0.000
 24.916667  24.958333   7.0 0.000
 24.958333  25.000000   5.7 0.000
 25.000000  25.041667   6.4 0.000
 25.041667  25.083333   7.8 0.000
 25.083333  25.125000   7.4 0.000
 25.125000  25.166667   8.1 0.000
 25.166667  25.208333   8.4 0.000
 25.208333  25.250000   7.7 0.000
 25.250000  25.291667   7.0 0.000
 25.291667  25.333333   6.9 0.000
 25.333333  25.375000   6.5 0.000
 25.375000  25.416667   7.0 0.000
 25.416667  25.458333   7.8 0.000
 25.458333  25.500000   7.0 0.000
 25.500000  25.541667   5.6 0.000
 25.541667  25.583333   4.8 0.000
 25.583333  25.625000   3.9 0.000
 25.625000  25.666667   2.7 0.000
 25.666667  25.708333   1.8 0.000
 25.708333  25.750000   1.5 0.000
 25.750000  25.791667   1.1 0.000
 25.791667  25.833333   1.2 0.000
 25.833333  25.875000   0.8 0.000
 25.875000  25.916667   3.9 0.000
 25.916667  25.958333   1.6 0.000
 25.958333  26.000000   1.6 0.000
 26.000000  26.041667   1.8 0.000
 26.041667  26.083333   1.7 0.000
 26.083333  26.125000   1.1 0.000
 26.125000  26.166667   1.4 0.000
 26.166667  26.208333   1.3 0.000
 26.208333  26.250000   1.4 0.000
 26.250000  26.291667   1.7 0.000
 26.291667  26.333333   2.0 0.000
 26.333333  26.375000   2.9 0.000
 26.375000  26.416667   2.0 0.000
 26.416667  26.458333   2.3 0.000
 26.458333  26.500000   1.9 0.000
 26.500000  26.541667   2.1 0.000
 26.541667  26.583333   2.6 0.000
 26.583333  26.625000   2.8 0.000
 26.625000  26.666667   2.9 0.000
 26.666667  26.708333   3.4 0.000
 26.708333  26.750000   4.0 0.000
 26.750000  26.791667   3.6 0.000
 26.791667  26.833333   3.4 0.000
 26.833333  26.875000   3.9 0.000
 26.875000  26.916667   3.1 0.000
 26.916667  26.958333   2.6 0.000
 26.958333  27.000000   2.9 0.000
 27.000000  27.041667   2.5 0.000
 27.041667  27.083333   2.6 0.000
 27.083333  27.125000   2.9 0.000
 27.125000  27.166667   2.8 0.000
 27.166667  27.208333   2.9 0.000
 27.208333  27.250000   3.7 0.000
 27.250000  27.291667   3.4 0.000
 27.291667  27.333333   3.4 0.000
 27.333333  27.375000   3.5 0.000
 27.375000  27.416667   3.6 0.000
 27.416667  27.458333   2.5 0.000
 27.458333  27.500000   4.1 0.000
 27.500000  27.541667   6.1 0.000
 27.541667  27.583333   4.0 0.000
 27.583333  27.625000   4.1 0.000
 27.625000  27.666667   4.4 0.000
 27.666667  27.708333   4.7 0.000
 27.708333  27.750000   4.8 0.000
 27.750000  27.791667   4.9 0.000
 27.791667  27.833333   5.1 0.000
 27.833333  27.875000   4.9 0.000
 27.875000  27.916667   5.2 0.000
 27.916667  27.958333   5.5 0.000
 27.958333  28.000000   5.6 0.000
 28.000000  28.041667   5.9 0.000
 28.041667  28.083333   5.6 0.000
 28.083333  28.125000   5.2 0.000
 28.125000  28.166667   5.4 0.000
 28.166667  28.208333   6.8 0.000
 28.208333  28.250000   6.4 0.000
 28.250000  28.291667   6.5 0.000
 28.291667  28.333333   8.3 0.000
 28.333333  28.375000   6.7 0.000
 28.375000  28.416667   7.9 0.000
 28.416667  28.458333   8.1 0.000
 28.458333  28.500000   8.5 0.000
 28.500000  28.541667   7.3 0.000
 28.541667  28.583333   9.5 0.000
 28.583333  28.625000   7.1 0.000
 28.625000  28.666667   7.7 0.000
 28.666667  28.708333  10.4 0.000
 28.708333  28.750000  11.5 0.000
 28.750000  28.791667  12.5 0.000
 28.791667  28.833333  12.5 0.000
 28.833333  28.875000  12.8 0.000
 28.875000  28.916667  11.7 0.000
 28.916667  28.958333   9.2 0.000
 28.958333  29.000000   7.0 0.000
 29.000000  29.041667   7.8 0.000
 29.041667  29.083333   9.9 0.000
 29.083333  29.125000   8.0 0.000
 29.125000  29.166667   7.0 0.000
 29.166667  29.208333   9.2 0.000
 29.208333  29.250000   8.1 0.000
 29.250000  29.291667   5.1 0.000
 29.291667  29.333333   7.7 0.000
 29.333333  29.375000   9.3 0.000
 29.375000  29.416667   8.9 0.000
 29.416667  29.458333   7.6 0.000
 29.458333  29.500000  10.9 0.000
 29.500000  29.541667  10.4 0.000
 29.541667  29.583333   9.8 0.000
 29.583333  29.625000   9.3 0.000
 29.625000  29.666667   9.1 0.000
 29.666667  29.708333   7.2 0.000
 29.708333  29.750000   6.4 0.000
 29.750000  29.791667   5.2 0.000
 29.791667  29.833333   5.6 0.000
 29.833333  29.875000   7.5 0.000
 29.875000  29.916667   6.2 0.000
 29.916667  29.958333   6.3 0.000
 29.958333  30.000000   5.6 0.000
 30.000000  30.041667   4.8 0.000
 30.041667  30.083333   5.3 0.000
 30.083333  30.125000   5.2 0.000
 30.125000  30.166667   5.2 0.000
 30.166667  30.208333   5.6 0.000
 30.208333  30.250000   5.5 0.000
 30.250000  30.291667   4.7 0.000
 30.291667  30.333333   6.5 0.000
 30.333333  30.375000   7.1 0.000
 30.375000  30.416667   6.3 0.000
 30.416667  30.458333   7.0 0.000
 30.458333  30.500000   6.2 0.000
 30.500000  30.541667   6.0 0.000
 30.541667  30.583333   5.5 0.000
 30.583333  30.625000   4.3 0.000
 30.625000  30.666667   4.2 0.000
 30.666667  30.708333   3.7 0.000
 30.708333  30.750000   4.7 0.000
 30.750000  30.791667   6.1 0.000
 30.791667  30.833333   6.2 0.000
 30.833333  30.875000   4.5 0.000
 30.875000  30.916667   4.1 0.000
 30.916667  30.958333   3.9 0.000
 30.958333  31.000000   3.5 0.000
 31.000000  31.041667   2.6 0.000
 31.041667  31.083333   1.3 0.000
 31.083333  31.125000   1.0 0.000
 31.125000  31.166667   1.0 0.000
 31.166667  31.208333   2.0 0.000
 31.208333  31.250000   1.7 0.000
 31.250000  31.291667   0.7 0.000
 31.291667  31.333333   1.4 0.000
 31.333333  31.375000   1.7 0.000
 31.375000  31.416667   1.6 0.000
 31.416667  31.458333   1.3 0.000
 31.458333  31.500000   1.0 0.000
 31.500000  31.541667   1.3 0.000
 31.541667  31.583333   0.9 0.000
 31.583333  31.625000   0.9 0.000
 31.625000  31.666667   1.0 0.000
 31.666667  31.708333   1.9 0.000
 31.708333  31.750000   3.1 0.000
 31.750000  31.791667   1.9 0.000
 31.791667  31.833333   1.2 0.000
 31.833333  31.875000   0.9 0.000
 31.875000  31.916667   0.4 0.000
 31.916667  31.958333   1.0 0.000
 31.958333  32.000000   0.7 0.000
 32.000000  32.041667   0.5 0.000
 32.041667  32.083333   0.5 0.000
 32.083333  32.125000   0.7 0.000
 32.125000  32.166667   0.7 0.000
 32.166667  32.208333   0.5 0.000
 32.208333  32.250000   1.6 0.000
 32.250000  32.291667   2.1 0.000
 32.291667  32.333333   1.0 0.000
 32.333333  32.375000   0.8 0.000
 32.375000  32.416667   1.4 0.000
 32.416667  32.458333   2.5 0.000
 32.458333  32.500000   3.4 0.000
 32.500000  32.541667   2.9 0.000
 32.541667  32.583333   2.5 0.000
 32.583333  32.625000   3.1 0.000
 32.625000  32.666667   3.0 0.000
 32.666667  32.708333   3.4 0.000
 32.708333  32.750000   2.2 0.000
 32.750000  32.791667   1.5 0.000
 32.791667  32.833333   1.8 0.000
 32.833333  32.875000   1.6 0.000
 32.875000  32.916667   1.4 0.000
 32.916667  32.958333   1.7 0.000
 32.958333  33.000000   1.3 0.000
 33.000000  33.041667   1.8 0.000
 33.041667  33.083333   2.0 0.000
 33.083333  33.125000   2.9 0.000
 33.125000  33.166667   2.8 0.000
 33.166667  33.208333   2.9 0.000
 33.208333  33.250000   3.0 0.000
 33.250000  33.291667   2.2 0.000
 33.291667  33.333333   2.5 0.000
 33.333333  33.375000   2.4 0.000
 33.375000  33.416667   2.2 0.000
 33.416667  33.458333   2.1 0.000
 33.458333  33.500000   1.6 0.000
 33.500000  33.541667   2.1 0.000
 33.541667  33.583333   2.7 0.000
 33.583333  33.625000   3.2 0.000
 33.625000  33.666667   3.0 0.000
 33.666667  33.708333   2.1 0.000
 33.708333  33.750000   1.8 0.000
 33.750000  33.791667   1.8 0.000
 33.791667  33.833333   1.7 0.000
 33.833333  33.875000   1.9 0.000
 33.875000  33.916667   0.9 0.000
 33.916667  33.958333   2.9 0.000
 33.958333  34.000000   2.6 0.000
 34.000000  34.041667   2.2 0.000
 34.041667  34.083333   2.0 0.000
 34.083333  34.125000   1.6 0.000
 34.125000  34.166667   1.7 0.000
 34.166667  34.208333   2.5 0.000
 34.208333  34.250000   2.4 0.000
 34.250000  34.291667   2.6 0.000
 34.291667  34.333333   2.9 0.000
 34.333333  34.375000   3.1 0.000
 34.375000  34.416667   3.0 0.000
 34.416667  34.458333   3.0 0.000
 34.458333  34.500000   3.2 0.000
 34.500000  34.541667   3.8 0.000
 34.541667  34.583333   3.7 0.000
 34.583333  34.625000   3.3 0.000
 34.625000  34.666667   3.8 0.000
 34.666667  34.708333   3.8 0.000
 34.708333  34.750000   3.3 0.000
 34.750000  34.791667   3.3 0.000
 34.791667  34.833333   4.4 0.000
 34.833333  34.875000   3.7 0.000
 34.875000  34.916667   4.0 0.000
 34.916667  34.958333   3.8 0.000
 34.958333  35.000000   3.7 0.000
 35.000000  35.041667   4.2 0.000
 35.041667  35.083333   4.0 0.000
 35.083333  35.125000   3.6 0.000
 35.125000  35.166667   3.6 0.000
 35.166667  35.208333   3.8 0.000
 35.208333  35.250000   4.0 0.000
 35.250000  35.291667   3.6 0.000
 35.291667  35.333333   3.5 0.000
 35.333333  35.375000   4.0 0.000
 35.375000  35.416667   3.3 0.000
 35.416667  35.458333   3.0 0.000
 35.458333  35.500000   3.0 0.000
 35.500000  35.541667   3.0 0.000
 35.541667  35.583333   3.0 0.000
 35.583333  35.625000   2.8 0.000
 35.625000  35.666667   2.7 0.000
 35.666667  35.708333   2.9 0.000
 35.708333  35.750000   2.7 0.000
 35.750000  35.791667   2.8 0.000
 35.791667  35.833333   2.6 0.000
 35.833333  35.875000   2.2 0.000
 35.875000  35.916667   1.8 0.000
 35.916667  35.958333   1.5 0.000
 35.958333  36.000000   1.1 0.000
 36.000000  36.041667   0.6 0.000
 36.041667  36.083333   1.0 0.000
 36.083333  36.125000   0.7 0.000
 36.125000  36.166667   1.1 0.000
 36.166667  36.208333   1.3 0.000
 36.208333  36.250000   0.9 0.000
 36.250000  36.291667   0.7 0.000
 36.291667  36.333333   0.6 0.000
 36.333333  36.375000   1.0 0.000
 36.375000  36.416667   1.6 0.000
 36.416667  36.458333   1.6 0.000
 36.458333  36.500000   1.6 0.000
 36.500000  36.541667   2.5 0.000
 36.541667  36.583333   3.9 0.000
 36.583333  36.625000   3.0 0.000
 36.625000  36.666667   3.1 0.000
 36.666667  36.708333   3.9 0.000
 36.708333  36.750000   5.3 0.000
 36.750000  36.791667   7.3 0.000
 36.791667  36.833333   4.1 0.000
 36.833333  36.875000   3.1 0.000
 36.875000  36.916667   3.2 0.000
 36.916667  36.958333   3.1 0.000
 36.958333  37.000000   4.0 0.000
 37.000000  37.041667   4.5 0.000
 37.041667  37.083333   3.7 0.000
 37.083333  37.125000   2.9 0.000
 37.125000  37.166667   2.5 0.000
 37.166667  37.208333   2.1 0.000
 37.208333  37.250000   1.8 0.000
 37.250000  37.291667   3.3 0.000
 37.291667  37.333333   4.2 0.000
 37.333333  37.375000   1.5 0.000
 37.375000  37.416667   2.1 0.000
 37.416667  37.458333   3.6 0.000
 37.458333  37.500000   2.4 0.000
 37.500000  37.541667   2.0 0.000
 37.541667  37.583333   1.5 0.000
 37.583333  37.625000   1.9 0.000
 37.625000  37.666667   2.3 0.000
 37.666667  37.708333   1.7 0.000
 37.708333  37.750000   2.1 0.000
 37.750000  37.791667   3.1 0.000
 37.791667  37.833333   1.9 0.000
 37.833333  37.875000   2.4 0.000
 37.875000  37.916667   2.4 0.000
 37.916667  37.958333   2.8 0.000
 37.958333  38.000000   2.7 0.000
 38.000000  38.041667   2.5 0.000
 38.041667  38.083333   2.1 0.000
 38.083333  38.125000   2.1 0.000
 38.125000  38.166667   1.9 0.000
 38.166667  38.208333   1.9 0.000
 38.208333  38.250000   1.6 0.000
 38.250000  38.291667   2.3 0.000
 38.291667  38.333333   2.6 0.000
 38.333333  38.375000   2.5 0.000
 38.375000  38.416667   2.9 0.000
 38.416667  38.458333   4.3 0.000
 38.458333  38.500000   3.0 0.000
 38.500000  38.541667   4.3 0.000
 38.541667  38.583333   4.8 0.000
 38.583333  38.625000   7.2 0.000
 38.625000  38.666667   6.2 0.000
 38.666667  38.708333   5.8 0.000
 38.708333  38.750000   6.0 0.000
 38.750000  38.791667   6.1 0.000
 38.791667  38.833333   6.1 0.000
 38.833333  38.875000   6.7 0.000
 38.875000  38.916667   6.8 0.000
 38.916667  38.958333   5.2 0.000
 38.958333  39.000000   6.1 0.000
 39.000000  39.041667   4.8 0.000
 39.041667  39.083333   3.2 0.000
 39.083333  39.125000   3.2 0.000
 39.125000  39.166667   3.2 0.000
 39.166667  39.208333   3.0 0.000
